a <- c(1:10)
a